positive\1636722537.009706.jpg 13 148 425 32 32 200 441 33 32 248 465 29 32 222 497 55 4 222 501 30 32 278 534 30 31 302 491 30 35 109 493 31 36 61 470 31 32 55 513 34 33 300 377 30 35 341 362 27 34 353 409 15 36
positive\1636722543.5678055.jpg 13 58 512 31 39 60 469 31 36 109 491 30 36 150 421 28 33 161 475 31 35 201 441 28 34 248 465 24 36 223 501 29 36 277 533 29 37 304 493 29 36 300 380 29 31 349 412 20 32 347 364 20 27
positive\1636722543.9861302.jpg 13 62 513 27 36 60 471 31 30 109 493 26 34 149 421 31 39 166 475 27 37 201 439 30 34 246 464 30 33 221 499 32 37 305 496 24 35 276 533 33 35 301 383 27 32 351 414 18 29 341 366 27 28
positive\1636722544.282502.jpg 13 55 515 36 36 61 474 28 27 110 492 27 35 149 421 29 38 161 475 32 39 202 441 29 28 246 463 27 34 223 502 26 35 277 534 30 34 307 499 25 27 303 382 25 28 347 366 21 28 350 414 18 28
positive\1636722544.5707328.jpg 13 58 515 32 36 64 472 25 30 112 497 24 29 147 423 31 39 162 479 30 29 204 443 23 26 244 467 31 28 221 503 30 28 303 500 29 27 277 537 29 28 300 383 31 29 350 416 20 24 342 364 27 28
positive\1636722544.840112.jpg 13 57 519 31 28 59 470 29 33 112 496 22 24 149 423 30 30 198 441 31 30 164 477 29 30 221 502 30 30 247 464 28 35 304 493 27 36 278 535 30 32 350 413 19 26 298 384 32 30 347 364 21 30
positive\1636722545.0310788.jpg 13 59 516 31 32 59 472 31 32 109 491 30 32 147 422 35 33 161 476 30 37 202 440 29 34 223 498 30 35 246 463 28 31 304 495 28 34 278 534 27 35 299 382 30 30 345 362 22 31 352 414 18 30
positive\1636722545.2624762.jpg 13 61 515 29 31 58 472 32 33 110 494 28 31 145 422 37 32 204 438 26 38 164 476 29 31 225 504 24 30 243 464 33 31 304 494 27 29 278 537 29 28 298 380 32 32 345 365 23 28 350 412 19 32
positive\1636722545.49561.jpg 13 55 515 34 33 59 471 31 33 105 492 33 35 147 421 31 33 161 475 32 35 200 441 32 33 249 464 26 29 222 501 31 31 305 495 30 27 277 534 32 35 299 381 31 36 344 358 27 34 349 409 21 33
positive\1636722545.673772.jpg 13 59 516 32 32 60 468 31 36 105 494 32 30 147 419 33 36 162 475 31 34 201 440 28 33 246 462 29 34 220 501 29 32 275 536 32 29 302 494 31 31 299 380 31 33 344 364 30 26 351 412 19 38
positive\1636722545.8199584.jpg 13 59 514 30 37 60 467 30 39 110 492 27 34 146 423 34 31 161 474 33 34 199 440 32 30 246 464 29 34 222 501 31 34 277 534 28 34 302 493 31 34 300 380 28 31 345 362 24 32 349 412 19 35
positive\1636722551.2567854.jpg 15 60 468 28 34 6 439 20 33 30 505 33 35 58 355 25 32 97 335 32 32 104 382 32 33 146 414 30 29 168 371 32 30 224 354 30 33 233 402 26 32 196 435 30 27 223 234 32 32 243 193 29 35 239 141 28 23 186 105 29 36
positive\1636722551.6920168.jpg 15 32 510 31 32 58 464 32 34 2 437 28 32 55 353 29 36 99 335 29 30 147 411 28 32 166 370 32 30 225 355 27 33 231 400 29 35 198 433 30 32 313 517 50 48 227 235 29 32 244 201 33 28 237 144 28 17 182 109 33 29
positive\1636722552.0163722.jpg 16 60 468 26 31 1 436 31 33 30 510 32 29 143 414 35 29 197 430 29 34 230 402 34 34 223 356 35 34 165 367 35 38 105 383 31 32 53 353 32 33 99 333 31 33 227 235 26 31 242 195 34 31 238 142 28 23 181 108 33 28 311 517 50 44
positive\1636722552.426111.jpg 16 60 471 28 34 32 507 30 32 0 438 33 32 54 355 32 30 98 337 35 25 108 382 27 36 146 414 28 27 165 370 37 31 195 432 33 30 230 402 30 34 222 356 35 31 228 237 24 29 248 199 30 28 241 144 24 20 184 107 33 31 318 516 41 47
positive\1636722552.718503.jpg 15 32 508 31 31 57 472 32 30 5 436 26 35 55 352 28 35 106 386 28 27 98 332 33 36 169 370 30 32 145 413 34 31 196 433 33 32 234 400 28 35 228 359 27 20 229 237 25 30 243 192 32 35 239 143 26 21 186 112 23 29
positive\1636722553.0516944.jpg 16 30 506 33 39 60 465 27 35 2 439 27 31 54 353 31 31 99 335 33 31 103 386 31 27 165 372 32 28 146 415 32 31 223 356 32 31 234 404 24 30 196 433 29 30 226 234 29 33 246 199 27 27 239 144 27 14 189 111 24 27 312 518 48 49
positive\1636722556.6405573.jpg 13 102 512 33 26 128 470 32 25 47 471 31 36 74 438 32 27 28 411 36 34 129 354 29 28 175 337 26 27 181 387 27 27 221 412 29 35 240 371 28 32 269 437 31 23 308 404 23 25 316 518 47 48
positive\1636722557.0029125.jpg 13 29 413 29 34 70 439 36 28 50 476 29 32 103 510 34 30 131 470 35 31 306 405 25 30 273 435 23 27 220 417 26 29 245 373 21 32 179 388 28 25 130 355 30 25 171 336 27 30 314 515 42 47
positive\1636722557.2924888.jpg 13 27 415 28 31 53 480 24 24 77 440 23 27 135 470 25 29 106 509 27 30 314 517 46 41 272 434 28 31 222 413 27 30 237 370 35 34 179 387 26 29 129 354 29 29 170 336 31 27 305 401 29 32
positive\1636722557.601529.jpg 13 73 436 32 33 26 414 33 30 50 473 29 33 105 508 32 32 130 467 32 36 177 386 30 28 129 354 29 34 171 333 33 32 241 373 29 29 217 412 33 37 267 433 33 32 300 401 36 35 314 511 47 55
positive\1636722578.6519876.jpg 9 130 490 28 26 128 443 32 33 178 466 29 31 218 398 25 30 232 450 30 28 269 413 30 34 315 438 26 31 290 475 28 32 317 512 40 49
positive\1636722579.0320854.jpg 9 125 491 30 34 128 443 28 35 177 469 25 27 216 398 29 28 231 450 28 29 270 410 27 33 312 436 32 34 287 475 33 29 316 513 40 48
positive\1636722579.2966912.jpg 9 128 518 1 1 129 490 29 28 177 461 31 37 130 443 26 34 230 450 30 27 217 396 30 32 269 415 27 25 288 477 34 30 312 515 49 45
positive\1636722579.699247.jpg 9 127 492 28 28 128 443 30 34 177 466 28 31 231 452 26 28 217 393 29 36 268 413 28 30 311 437 31 31 288 474 31 34 317 514 39 47
positive\1636722581.716782.jpg 9 131 446 24 30 128 489 28 29 177 466 29 32 231 450 29 27 219 399 24 27 270 413 28 30 313 439 34 28 291 476 28 32 316 517 46 49
positive\1636722582.0471416.jpg 9 130 489 24 32 131 447 28 31 177 469 26 28 218 397 25 27 232 448 27 34 271 416 26 27 315 436 29 32 291 477 27 28 315 522 41 37
positive\1636722587.3216424.jpg 13 31 492 18 26 26 445 29 30 75 466 25 28 113 398 32 29 167 415 29 27 128 446 27 38 210 438 28 26 185 474 32 34 267 469 30 28 245 511 27 28 318 385 24 28 264 356 30 25 321 518 38 43
positive\1636722587.6535158.jpg 11 28 487 25 35 27 442 30 34 73 465 27 34 114 399 28 27 128 448 25 36 169 413 23 28 209 436 32 36 189 473 28 35 272 469 23 27 243 509 29 25 318 517 42 45
positive\1636722588.1695068.jpg 13 24 446 31 28 29 490 26 29 72 465 33 32 128 448 28 33 111 396 31 31 166 414 30 31 212 440 26 30 188 476 26 31 267 468 33 29 242 510 27 30 270 353 22 30 319 387 24 29 321 517 40 40
positive\1636722599.1763566.jpg 14 320 518 40 42 84 517 33 31 114 478 23 31 30 485 25 25 59 447 25 29 10 422 26 26 109 362 30 31 154 344 25 28 158 393 28 31 220 382 29 26 200 421 31 32 249 440 32 33 284 413 32 29 277 362 31 32
positive\1636722599.3605607.jpg 14 114 477 26 31 35 484 26 30 53 449 28 26 7 417 32 37 84 512 34 38 109 365 28 26 156 343 27 31 159 394 27 30 201 418 30 32 222 381 32 27 249 443 31 32 284 409 31 30 277 361 31 33 318 517 44 47
positive\1636722599.6125555.jpg 15 9 420 28 35 54 445 29 34 30 480 30 35 85 515 30 32 107 478 36 28 106 364 35 23 154 345 28 28 158 390 30 32 202 419 27 34 222 377 29 35 281 365 27 28 288 410 26 33 248 440 35 33 313 516 49 46 277 243 24 35
positive\1636722599.7793865.jpg 15 8 418 28 36 53 446 28 33 32 484 27 28 87 517 27 33 112 475 31 30 109 365 27 28 160 394 27 28 150 344 32 29 202 421 26 31 220 379 29 32 250 443 29 32 285 411 28 29 278 366 30 29 279 243 26 30 315 519 47 40
positive\1636722599.9896722.jpg 14 8 423 31 28 31 481 26 35 53 446 37 31 113 476 28 30 86 515 26 33 160 392 29 24 108 361 28 34 154 342 31 32 223 380 29 29 275 362 36 34 203 421 25 30 250 437 27 37 280 411 35 28 312 522 49 41
positive\1636722600.181365.jpg 14 9 421 30 32 56 446 25 29 35 486 24 25 86 518 29 35 111 480 26 29 111 366 26 29 158 395 29 26 155 344 24 34 199 421 33 28 220 380 32 27 278 365 28 34 287 409 28 34 250 442 33 29 315 516 46 38
positive\1636722600.3477764.jpg 0
