positive\1636722537.009706.jpg 13 148 425 32 32 200 441 33 32 248 465 29 32 222 497 55 4 222 501 30 32 278 534 30 31 302 491 30 35 109 493 31 36 61 470 31 32 55 513 34 33 300 377 30 35 341 362 27 34 353 409 15 36
positive\1636722543.5678055.jpg 13 58 512 31 39 60 469 31 36 109 491 30 36 150 421 28 33 161 475 31 35 201 441 28 34 248 465 24 36 223 501 29 36 277 533 29 37 304 493 29 36 300 380 29 31 349 412 20 32 347 364 20 27
positive\1636722543.9861302.jpg 13 62 513 27 36 60 471 31 30 109 493 26 34 149 421 31 39 166 475 27 37 201 439 30 34 246 464 30 33 221 499 32 37 305 496 24 35 276 533 33 35 301 383 27 32 351 414 18 29 341 366 27 28
positive\1636722544.282502.jpg 13 55 515 36 36 61 474 28 27 110 492 27 35 149 421 29 38 161 475 32 39 202 441 29 28 246 463 27 34 223 502 26 35 277 534 30 34 307 499 25 27 303 382 25 28 347 366 21 28 350 414 18 28
positive\1636722544.5707328.jpg 13 58 515 32 36 64 472 25 30 112 497 24 29 147 423 31 39 162 479 30 29 204 443 23 26 244 467 31 28 221 503 30 28 303 500 29 27 277 537 29 28 300 383 31 29 350 416 20 24 342 364 27 28
positive\1636722544.840112.jpg 13 57 519 31 28 59 470 29 33 112 496 22 24 149 423 30 30 198 441 31 30 164 477 29 30 221 502 30 30 247 464 28 35 304 493 27 36 278 535 30 32 350 413 19 26 298 384 32 30 347 364 21 30
positive\1636722545.0310788.jpg 13 59 516 31 32 59 472 31 32 109 491 30 32 147 422 35 33 161 476 30 37 202 440 29 34 223 498 30 35 246 463 28 31 304 495 28 34 278 534 27 35 299 382 30 30 345 362 22 31 352 414 18 30
positive\1636722545.2624762.jpg 13 61 515 29 31 58 472 32 33 110 494 28 31 145 422 37 32 204 438 26 38 164 476 29 31 225 504 24 30 243 464 33 31 304 494 27 29 278 537 29 28 298 380 32 32 345 365 23 28 350 412 19 32
positive\1636722545.49561.jpg 13 55 515 34 33 59 471 31 33 105 492 33 35 147 421 31 33 161 475 32 35 200 441 32 33 249 464 26 29 222 501 31 31 305 495 30 27 277 534 32 35 299 381 31 36 344 358 27 34 349 409 21 33
positive\1636722545.673772.jpg 13 59 516 32 32 60 468 31 36 105 494 32 30 147 419 33 36 162 475 31 34 201 440 28 33 246 462 29 34 220 501 29 32 275 536 32 29 302 494 31 31 299 380 31 33 344 364 30 26 351 412 19 38
positive\1636722545.8199584.jpg 13 59 514 30 37 60 467 30 39 110 492 27 34 146 423 34 31 161 474 33 34 199 440 32 30 246 464 29 34 222 501 31 34 277 534 28 34 302 493 31 34 300 380 28 31 345 362 24 32 349 412 19 35
positive\1636722551.2567854.jpg 15 60 468 28 34 6 439 20 33 30 505 33 35 58 355 25 32 97 335 32 32 104 382 32 33 146 414 30 29 168 371 32 30 224 354 30 33 233 402 26 32 196 435 30 27 223 234 32 32 243 193 29 35 239 141 28 23 186 105 29 36
positive\1636722551.6920168.jpg 15 32 510 31 32 58 464 32 34 2 437 28 32 55 353 29 36 99 335 29 30 147 411 28 32 166 370 32 30 225 355 27 33 231 400 29 35 198 433 30 32 313 517 50 48 227 235 29 32 244 201 33 28 237 144 28 17 182 109 33 29
positive\1636722552.0163722.jpg 16 60 468 26 31 1 436 31 33 30 510 32 29 143 414 35 29 197 430 29 34 230 402 34 34 223 356 35 34 165 367 35 38 105 383 31 32 53 353 32 33 99 333 31 33 227 235 26 31 242 195 34 31 238 142 28 23 181 108 33 28 311 517 50 44
positive\1636722552.426111.jpg 16 60 471 28 34 32 507 30 32 0 438 33 32 54 355 32 30 98 337 35 25 108 382 27 36 146 414 28 27 165 370 37 31 195 432 33 30 230 402 30 34 222 356 35 31 228 237 24 29 248 199 30 28 241 144 24 20 184 107 33 31 318 516 41 47
positive\1636722552.718503.jpg 15 32 508 31 31 57 472 32 30 5 436 26 35 55 352 28 35 106 386 28 27 98 332 33 36 169 370 30 32 145 413 34 31 196 433 33 32 234 400 28 35 228 359 27 20 229 237 25 30 243 192 32 35 239 143 26 21 186 112 23 29
positive\1636722553.0516944.jpg 16 30 506 33 39 60 465 27 35 2 439 27 31 54 353 31 31 99 335 33 31 103 386 31 27 165 372 32 28 146 415 32 31 223 356 32 31 234 404 24 30 196 433 29 30 226 234 29 33 246 199 27 27 239 144 27 14 189 111 24 27 312 518 48 49
positive\1636722556.6405573.jpg 13 102 512 33 26 128 470 32 25 47 471 31 36 74 438 32 27 28 411 36 34 129 354 29 28 175 337 26 27 181 387 27 27 221 412 29 35 240 371 28 32 269 437 31 23 308 404 23 25 316 518 47 48
positive\1636722557.0029125.jpg 13 29 413 29 34 70 439 36 28 50 476 29 32 103 510 34 30 131 470 35 31 306 405 25 30 273 435 23 27 220 417 26 29 245 373 21 32 179 388 28 25 130 355 30 25 171 336 27 30 314 515 42 47
positive\1636722557.2924888.jpg 13 27 415 28 31 53 480 24 24 77 440 23 27 135 470 25 29 106 509 27 30 314 517 46 41 272 434 28 31 222 413 27 30 237 370 35 34 179 387 26 29 129 354 29 29 170 336 31 27 305 401 29 32
positive\1636722557.601529.jpg 13 73 436 32 33 26 414 33 30 50 473 29 33 105 508 32 32 130 467 32 36 177 386 30 28 129 354 29 34 171 333 33 32 241 373 29 29 217 412 33 37 267 433 33 32 300 401 36 35 314 511 47 55
positive\1636722578.6519876.jpg 9 130 490 28 26 128 443 32 33 178 466 29 31 218 398 25 30 232 450 30 28 269 413 30 34 315 438 26 31 290 475 28 32 317 512 40 49
positive\1636722579.0320854.jpg 9 125 491 30 34 128 443 28 35 177 469 25 27 216 398 29 28 231 450 28 29 270 410 27 33 312 436 32 34 287 475 33 29 316 513 40 48
positive\1636722579.2966912.jpg 9 128 518 1 1 129 490 29 28 177 461 31 37 130 443 26 34 230 450 30 27 217 396 30 32 269 415 27 25 288 477 34 30 312 515 49 45
positive\1636722579.699247.jpg 9 127 492 28 28 128 443 30 34 177 466 28 31 231 452 26 28 217 393 29 36 268 413 28 30 311 437 31 31 288 474 31 34 317 514 39 47
positive\1636722581.716782.jpg 9 131 446 24 30 128 489 28 29 177 466 29 32 231 450 29 27 219 399 24 27 270 413 28 30 313 439 34 28 291 476 28 32 316 517 46 49
positive\1636722582.0471416.jpg 9 130 489 24 32 131 447 28 31 177 469 26 28 218 397 25 27 232 448 27 34 271 416 26 27 315 436 29 32 291 477 27 28 315 522 41 37
positive\1636722587.3216424.jpg 13 31 492 18 26 26 445 29 30 75 466 25 28 113 398 32 29 167 415 29 27 128 446 27 38 210 438 28 26 185 474 32 34 267 469 30 28 245 511 27 28 318 385 24 28 264 356 30 25 321 518 38 43
positive\1636722587.6535158.jpg 11 28 487 25 35 27 442 30 34 73 465 27 34 114 399 28 27 128 448 25 36 169 413 23 28 209 436 32 36 189 473 28 35 272 469 23 27 243 509 29 25 318 517 42 45
positive\1636722588.1695068.jpg 13 24 446 31 28 29 490 26 29 72 465 33 32 128 448 28 33 111 396 31 31 166 414 30 31 212 440 26 30 188 476 26 31 267 468 33 29 242 510 27 30 270 353 22 30 319 387 24 29 321 517 40 40
positive\1636722599.1763566.jpg 14 320 518 40 42 84 517 33 31 114 478 23 31 30 485 25 25 59 447 25 29 10 422 26 26 109 362 30 31 154 344 25 28 158 393 28 31 220 382 29 26 200 421 31 32 249 440 32 33 284 413 32 29 277 362 31 32
positive\1636722599.3605607.jpg 14 114 477 26 31 35 484 26 30 53 449 28 26 7 417 32 37 84 512 34 38 109 365 28 26 156 343 27 31 159 394 27 30 201 418 30 32 222 381 32 27 249 443 31 32 284 409 31 30 277 361 31 33 318 517 44 47
positive\1636722599.6125555.jpg 15 9 420 28 35 54 445 29 34 30 480 30 35 85 515 30 32 107 478 36 28 106 364 35 23 154 345 28 28 158 390 30 32 202 419 27 34 222 377 29 35 281 365 27 28 288 410 26 33 248 440 35 33 313 516 49 46 277 243 24 35
positive\1636722599.7793865.jpg 15 8 418 28 36 53 446 28 33 32 484 27 28 87 517 27 33 112 475 31 30 109 365 27 28 160 394 27 28 150 344 32 29 202 421 26 31 220 379 29 32 250 443 29 32 285 411 28 29 278 366 30 29 279 243 26 30 315 519 47 40
positive\1636722599.9896722.jpg 14 8 423 31 28 31 481 26 35 53 446 37 31 113 476 28 30 86 515 26 33 160 392 29 24 108 361 28 34 154 342 31 32 223 380 29 29 275 362 36 34 203 421 25 30 250 437 27 37 280 411 35 28 312 522 49 41
positive\1636722600.181365.jpg 14 9 421 30 32 56 446 25 29 35 486 24 25 86 518 29 35 111 480 26 29 111 366 26 29 158 395 29 26 155 344 24 34 199 421 33 28 220 380 32 27 278 365 28 34 287 409 28 34 250 442 33 29 315 516 46 38
positive\1636722604.507733.jpg 14 147 431 31 28 101 414 25 27 54 386 30 28 9 355 23 29 49 339 29 19 117 375 26 28 187 408 17 21 180 359 28 33 174 235 30 32 195 196 29 33 190 135 28 30 184 106 25 27 139 110 23 25 316 512 47 52
positive\1636722604.673908.jpg 14 8 356 26 31 49 335 30 31 58 384 28 32 119 371 31 28 98 413 30 32 149 431 27 33 182 403 31 28 174 355 32 35 176 233 31 34 196 196 29 31 186 131 32 33 178 99 38 34 135 107 28 30 316 516 45 44
positive\1636722604.833697.jpg 14 149 432 30 30 98 413 30 27 58 381 26 35 7 355 26 33 47 333 35 36 117 373 31 30 175 357 31 31 181 402 29 32 176 236 30 33 197 196 26 35 189 134 28 32 182 103 31 30 133 111 29 28 311 511 53 46
positive\1636722605.0677512.jpg 14 8 356 27 29 46 336 33 31 55 382 31 34 100 413 26 33 119 371 31 33 176 355 30 32 181 402 30 34 147 433 33 34 176 236 30 29 196 198 29 31 188 132 31 33 184 101 29 31 136 109 29 33 317 514 44 46
positive\1636722605.2382982.jpg 14 149 433 30 32 182 404 30 30 174 356 33 30 117 371 34 34 97 411 29 38 55 387 30 26 4 353 28 34 50 334 29 35 175 236 27 32 196 198 27 32 189 134 30 32 182 105 30 29 133 107 30 32 315 516 43 47
positive\1636722605.408688.jpg 14 7 355 29 27 54 386 30 29 51 335 26 30 118 371 31 34 98 414 31 28 149 434 26 30 182 402 30 30 175 354 29 36 177 235 27 31 197 195 25 29 187 135 27 30 182 104 29 28 135 108 29 32 316 517 44 47
positive\1636722605.602602.jpg 14 8 356 23 29 48 337 31 31 57 387 27 25 98 414 27 34 117 372 32 31 177 354 27 34 183 402 25 34 147 433 30 32 177 238 28 27 194 197 30 29 189 135 28 28 184 103 26 34 135 109 28 33 319 520 42 41
positive\1636722605.7655017.jpg 13 49 333 29 34 55 384 32 30 97 412 29 33 118 371 37 30 173 356 35 30 153 432 23 34 182 405 29 29 175 235 29 31 194 197 32 27 187 134 28 28 183 104 29 27 136 108 30 31 315 516 47 50
positive\1636722605.930948.jpg 14 8 354 27 32 51 334 28 30 56 387 31 28 98 415 30 28 116 372 30 31 174 355 35 32 180 402 35 34 147 433 32 32 176 234 28 32 192 195 34 36 186 134 31 30 179 104 33 29 133 109 33 31 316 513 44 52
positive\1636722606.163914.jpg 14 7 355 28 28 49 335 30 31 59 383 27 29 97 411 31 35 119 368 27 35 178 354 28 35 183 400 30 37 147 434 34 31 175 237 30 26 196 197 29 30 187 135 30 25 183 102 29 25 134 109 30 31 314 516 43 51
positive\1636722606.3239343.jpg 14 135 110 29 30 182 106 30 28 190 135 25 30 196 199 30 28 178 232 27 38 177 357 28 31 182 405 32 28 147 433 32 33 98 414 28 31 120 373 26 32 53 387 31 24 4 354 30 30 49 333 33 34 317 518 43 47
positive\1636722615.437802.jpg 11 27 416 28 29 75 439 28 29 132 468 29 32 106 508 29 33 221 413 31 29 178 387 29 27 129 354 32 28 173 335 29 29 242 370 29 32 270 433 29 32 305 404 29 32
positive\1636722619.4369657.jpg 14 15 396 27 36 66 413 28 34 29 447 30 35 110 436 31 34 86 474 29 36 145 507 29 36 168 468 31 33 162 356 32 27 216 383 31 31 209 336 30 29 279 371 31 32 258 412 29 32 342 403 28 31 309 432 31 33
positive\1636722622.4566495.jpg 13 7 447 22 28 91 395 27 34 142 416 28 30 106 453 29 25 47 466 32 30 165 478 27 24 184 438 32 31 243 467 31 35 216 507 32 32 242 353 28 34 288 383 34 34 332 410 30 34 311 515 52 45
positive\1636722625.1077702.jpg 11 61 444 35 33 59 490 33 29 111 463 29 34 152 397 26 32 162 448 33 38 205 417 27 25 251 439 25 29 225 476 29 32 305 468 33 26 278 504 33 37 312 508 52 54
positive\1636722628.3099585.jpg 9 134 493 32 33 139 447 25 31 182 467 28 34 227 398 23 33 236 451 32 32 276 415 28 32 320 436 34 34 297 477 30 32 318 514 41 48
positive\1636722632.153673.jpg 6 235 486 28 37 231 443 32 34 278 466 32 32 325 400 24 26 334 449 30 31 316 515 45 51
positive\1636722635.523819.jpg 11 79 442 29 35 78 488 28 36 127 467 29 33 169 396 26 31 179 449 28 34 218 413 31 32 263 435 32 34 244 473 25 30 321 471 28 21 294 510 28 32 314 517 52 53
positive\1636722637.8567255.jpg 12 15 447 37 24 62 466 34 35 119 451 34 30 106 396 29 31 158 412 28 31 200 436 33 35 179 473 28 35 263 471 26 31 233 505 30 35 307 385 30 32 255 351 34 37 351 412 18 34
positive\1636722640.20479.jpg 14 37 468 30 32 78 393 27 35 129 414 30 30 90 448 34 37 151 473 32 33 175 437 28 35 231 467 29 35 205 505 36 36 279 384 33 30 229 352 32 32 270 335 30 33 320 408 31 38 339 374 29 28 316 516 45 49
positive\1636722643.029506.jpg 14 85 514 30 28 112 470 32 35 31 479 31 32 12 416 28 34 54 438 33 41 111 357 30 33 151 339 34 35 159 387 33 29 199 415 34 36 224 374 32 33 252 438 30 34 285 405 33 33 276 363 37 30 310 518 53 48
positive\1636722645.7615435.jpg 13 98 474 32 33 72 511 32 36 40 440 32 33 3 414 24 32 95 356 30 32 141 339 30 32 147 387 29 33 189 418 29 26 209 374 30 33 265 361 31 29 272 405 29 30 240 437 30 31 319 521 43 41
positive\1636722649.0878398.jpg 15 190 435 28 28 224 405 29 27 219 356 27 31 160 371 29 30 137 411 32 36 93 386 31 27 90 335 30 27 46 355 31 32 52 468 27 33 26 508 28 31 1 439 21 26 311 516 48 44 220 231 28 37 238 194 29 34 178 107 26 34
positive\1636722652.3207061.jpg 15 37 508 31 31 60 470 34 33 5 435 30 37 59 352 33 35 108 385 33 36 99 336 33 33 150 413 33 34 166 371 39 35 228 358 33 30 233 402 35 34 202 436 33 32 226 235 35 33 249 197 31 33 187 109 35 28 311 518 47 43
positive\1636722654.9126241.jpg 15 1 410 30 35 53 426 33 33 98 452 31 27 72 492 34 30 126 522 34 31 158 484 30 27 205 397 28 31 155 365 31 32 198 345 31 35 264 383 35 34 244 425 31 33 296 443 30 33 327 413 37 36 323 373 33 28 312 512 53 53
positive\1636722657.7302139.jpg 16 20 411 27 32 32 462 32 31 69 427 34 33 115 452 32 30 94 489 27 31 148 522 29 30 174 482 32 31 219 397 33 31 169 366 34 31 210 349 34 29 341 373 27 27 347 413 22 37 307 445 38 35 259 427 32 31 281 382 35 36 310 511 53 52
positive\1636722660.4357386.jpg 12 46 494 32 33 48 451 29 35 93 472 29 33 136 401 29 33 149 454 29 33 188 420 30 30 208 480 30 32 231 443 34 31 263 513 31 31 291 475 27 28 338 391 29 27 316 521 46 34
positive\1636722663.092478.jpg 9 83 488 27 32 80 443 31 34 170 397 28 31 182 450 31 29 221 413 32 31 268 435 30 34 242 471 33 36 323 469 32 28 312 469 43 96
positive\1636722666.765787.jpg 9 318 436 32 33 295 473 31 35 274 413 30 32 221 396 31 36 234 450 31 34 179 466 32 29 135 441 29 37 132 486 33 34 315 516 49 42
positive\1636722862.745685.jpg 1 168 214 38 45
positive\1636729839.5666327.jpg 14 44 399 25 28 56 450 34 33 90 414 36 30 140 436 30 31 118 475 26 34 195 471 30 31 168 508 34 30 194 358 29 23 243 383 33 32 241 336 27 29 303 373 37 29 284 414 32 30 335 432 32 33 317 516 42 45
positive\1636729844.5715868.jpg 16 16 427 32 32 69 444 31 31 34 481 27 32 113 468 31 34 90 507 30 33 170 498 30 34 143 538 33 33 258 444 29 30 217 414 31 32 168 387 29 34 213 364 30 33 279 402 30 33 339 389 27 29 343 430 25 34 307 465 33 26 311 521 43 36
positive\1636729846.4290252.jpg 12 62 542 28 33 113 460 31 33 159 442 27 34 162 491 31 32 223 477 33 33 203 517 29 35 253 541 32 29 292 511 25 31 279 464 30 31 318 516 39 47 246 218 24 25 290 216 29 22
positive\1636729848.5338402.jpg 14 158 209 28 30 208 203 27 28 212 234 26 26 217 296 29 30 195 334 33 36 198 459 22 30 207 506 24 27 172 535 29 30 312 516 49 42 119 515 29 30 142 471 28 32 77 482 31 35 69 437 32 28 32 458 23 26
positive\1636729850.6910853.jpg 10 133 284 31 27 184 274 28 31 188 309 31 30 194 370 34 30 174 409 32 30 174 526 34 35 118 543 30 32 53 555 34 31 48 508 31 30 312 519 51 38
positive\1636729852.6681888.jpg 13 48 503 34 30 90 483 39 28 101 535 27 31 142 564 32 23 159 522 31 33 218 506 31 33 221 551 37 36 220 387 30 29 236 347 27 29 232 281 26 30 228 254 29 26 176 259 31 28 316 515 45 48
positive\1636729854.552665.jpg 16 19 453 26 30 33 503 22 32 68 469 27 32 94 530 25 32 116 495 27 28 146 565 28 24 171 524 27 29 172 406 26 31 223 439 23 26 212 386 28 30 283 426 26 32 263 468 26 31 311 487 27 34 346 459 24 29 339 408 26 41 312 519 46 47
positive\1636729858.0077915.jpg 12 95 397 25 33 52 468 30 31 6 449 29 22 108 452 26 28 147 413 26 33 187 441 34 28 167 477 28 31 244 472 30 22 220 511 33 26 316 518 43 40 339 414 26 34 294 387 31 25
positive\1636729860.0509136.jpg 10 83 445 29 32 82 488 29 36 132 466 30 30 171 399 31 30 183 449 31 34 223 416 28 28 268 438 30 30 246 476 28 32 328 472 26 23 310 518 47 44
positive\1636729862.1535149.jpg 9 153 444 34 33 155 487 27 35 201 468 31 31 257 452 29 30 243 397 28 29 295 412 30 33 340 439 28 32 316 475 29 31 313 517 48 44
positive\1636729864.1034179.jpg 4 275 489 30 30 321 468 33 31 275 444 32 33 317 515 43 43
positive\1636729866.6872938.jpg 3 313 450 26 27 309 494 31 30 309 510 53 54
positive\1636729869.26733.jpg 11 77 496 23 26 73 449 32 33 124 470 28 30 176 457 28 28 165 403 25 29 215 419 27 31 236 482 28 29 258 442 30 35 319 470 27 33 293 514 23 29 313 518 42 40
positive\1636729871.1550333.jpg 12 33 494 33 37 37 452 31 32 82 476 30 28 126 410 25 25 139 459 25 27 176 425 24 30 221 448 28 29 200 483 27 34 256 516 24 31 276 477 33 33 330 395 24 26 315 519 42 47
positive\1636729874.2653298.jpg 26 63 441 29 27 55 389 25 33 102 470 27 28 122 425 34 34 181 409 34 35 188 457 31 34 154 487 28 37 180 289 30 33 180 289 30 33 200 282 10 7 200 282 10 7 200 282 10 7 200 282 10 7 200 282 10 7 200 282 10 7 200 282 10 7 200 282 10 7 200 282 10 7 200 282 10 7 200 282 10 7 200 282 10 7 199 251 31 28 194 185 30 37 186 156 33 33 141 160 26 35 313 512 46 50
positive\1636729876.3116622.jpg 14 64 492 35 26 23 467 29 29 42 528 32 28 90 558 39 27 119 519 33 26 170 436 28 29 162 388 32 28 230 422 34 26 213 468 27 27 261 484 29 38 294 452 34 29 287 407 31 30 312 509 55 60 249 158 32 30
positive\1636729879.7966104.jpg 11 71 507 28 34 113 469 27 32 155 493 30 30 132 532 28 27 212 524 29 27 184 564 32 24 260 434 27 35 251 389 30 28 322 423 33 36 299 474 31 26 311 517 49 44
positive\1636729884.0168.jpg 12 54 520 26 38 49 481 33 31 101 499 30 37 154 485 31 30 191 447 33 33 238 470 26 37 215 511 32 32 294 505 26 29 270 547 31 22 343 419 20 29 335 372 34 28 312 514 46 45
positive\1636729889.176833.jpg 6 175 469 32 34 194 433 30 31 189 371 27 29 183 339 28 33 135 346 27 31 310 513 49 52